
> template@1.0.0 start /home/rena/Documents/program
> node index.js

20230331000039377042 7097620
20230331000039375281 7097267
20230331000039369138 7096452
20230329000039243265 7088869
20230328000039174332 7080370
20230328000039170183 7080264
20230323000039009988 7062118
20230323000039009757 7062064
20230322000038984636 7059002
20230322000038972399 7058243
20230322000038969505 7057706
20230321000038927633 7052163
20230321000038924785 7051755
20230321000038916839 7050496
20230317000038814199 7036565
