
> template@1.0.0 start /home/rena/Documents/program
> node index.js

tec_henrique18@hotmail.com
2385530 79
2541122 79
2552734 79
2572671 79
2572950 79
2573947 79
2715933 79
2735508 79
2735866 79
2735983 79
2736077 79
2743141 79
2903731 79
2903816 79
2963647 79
2968514 79
2968533 79
3052182 79
3103977 79
3165718 79
3223501 79
3238302 79
3303722 79
3549917 79
3661246 79
3677894 79
3721481 79
3769496 79
3774398 79
3793746 79
3801342 79
3801350 79
3807748 79
3807816 79
3807889 79
3830616 79
3843543 79
3865705 79
3872631 79
3872699 79
3883379 79
3883423 79
3883459 79
3883464 79
3888106 79
3888116 79
3888123 79
3888129 79
3888139 79
3915572 79
3917079 79
3952927 79
4034065 79
4096950 79
4097026 79
4161176 79
4296810 79
4298118 79
4465784 79
4549127 79
4549298 79
4641337 79
4765724 79
4874630 79
4946952 79
5056374 79
5203857 79
5229943 79
5230846 79
5231012 79
5695360 79
5978036 79
6009416 79
6102386 79
6102477 79
6102529 79
6601166 79
6979538 79
7103163 79
9 tec_henrique18@hotmail.com 20230403000039433899 undefined false
