
> template@1.0.0 start /home/rena/Documents/program
> node index.js

0 20230420000040140700 7170585 false
1 20230420000040140653 7170534 false
2 20230420000040140655 7170538 false
3 20230420000040140648 7170535 false
4 20230420000040140605 7170537 false
5 20230420000040140571 7170526 false
6 20230420000040140551 7170528 false
7 20230420000040140525 7170519 false
8 20230420000040140508 7170516 false
9 20230420000040140504 7170520 false
10 20230420000040140478 undefined false
11 20230420000040140451 7170531 false
12 20230420000040140417 7170530 false
13 20230420000040140414 7170476 false
14 20230420000040140408 7170471 false
15 20230420000040140398 7170478 false
16 20230420000040140342 7170464 false
17 20230420000040140301 7170462 false
18 20230420000040140276 7170454 false
19 20230420000040140273 7170461 false
20 20230420000040140243 7170460 false
21 20230420000040140192 7170442 false
22 20230420000040140171 7170441 false
23 20230420000040140159 7170451 false
24 20230420000040140154 7170434 false
25 20230420000040140144 7170472 false
26 20230420000040140127 7170440 false
27 20230420000040140117 7170428 false
28 20230420000040140107 7170438 false
29 20230420000040140106 7170427 false
30 20230420000040140094 7170425 false
31 20230420000040140087 7170426 false
32 20230420000040140071 7170423 false
33 20230420000040140053 7170420 false
34 20230420000040140002 7170421 false
35 20230420000040139984 7170443 false
36 20230420000040139952 7170416 false
37 20230420000040139928 7170413 false
38 20230420000040139917 7170410 false
39 20230420000040139898 7170401 false
40 20230420000040139833 7170395 false
41 20230420000040139821 7170396 false
42 20230420000040139812 7170391 false
43 20230420000040139800 7170392 false
44 20230420000040139736 7170388 false
45 20230420000040139685 7170407 false
46 20230420000040139675 7170382 false
47 20230420000040139639 7170378 false
48 20230420000040139631 7170381 false
49 20230420000040139622 7170377 false
50 20230420000040139619 7170376 false
51 20230420000040139617 7170375 false
52 20230420000040139590 7170380 false
53 20230420000040139583 7170368 false
54 20230420000040139569 7170363 false
55 20230420000040139558 7170360 false
56 20230420000040139535 7170359 false
57 20230420000040139526 7170366 false
58 20230420000040139506 7170373 false
59 20230420000040139502 7170357 false
60 20230420000040139501 7170355 false
61 20230420000040139473 7170353 false
62 20230420000040139427 7170364 false
63 20230420000040139401 7170365 false
64 20230420000040139395 7170316 false
65 20230420000040139373 7170312 false
66 20230420000040139353 7170313 false
67 20230420000040139351 7170309 false
68 20230420000040139352 7170374 false
69 20230420000040139325 7170308 false
70 20230420000040139324 7170339 false
71 20230420000040139319 7170310 false
72 20230420000040139290 7170307 false
73 20230420000040139186 7170467 false
74 20230420000040139042 7170300 false
75 20230420000040139026 7170299 false
76 20230420000040139024 7170297 false
77 20230420000040139021 7170305 false
78 20230420000040139005 7170295 false
79 20230420000040139001 7170290 false
80 20230420000040138978 7170292 false
81 20230420000040138957 7170288 false
82 20230420000040138938 7170283 false
83 20230420000040138932 7170284 false
84 20230420000040138898 7170282 false
85 20230420000040138897 7170279 false
86 20230420000040138896 7170281 false
87 20230420000040138884 7170278 false
88 20230420000040138844 7170274 false
89 20230420000040138840 7170276 false
90 20230420000040138828 7170275 false
91 20230420000040138818 7170270 false
92 20230420000040138794 7170272 false
93 20230420000040138777 7170266 false
94 20230420000040138732 7170273 false
95 20230420000040138728 7170269 false
96 20230420000040138719 7170257 false
97 20230420000040138376 7170260 false
98 20230420000040138193 7170251 false
99 20230420000040138164 7170386 false
100 20230420000040138140 7170248 false
101 20230420000040138123 7170245 false
102 20230420000040138094 7170241 false
103 20230420000040138066 7170242 false
104 20230420000040138051 7170237 false
105 20230420000040137759 7170234 false
106 20230420000040137709 7170235 false
107 20230420000040137567 7170230 false
108 20230420000040137539 7170226 false
109 20230420000040137526 7170224 false
110 20230420000040137516 7170223 false
111 20230420000040137515 7170240 false
112 20230420000040137488 7170222 false
113 20230420000040137468 7170218 false
114 20230420000040137458 7170215 false
115 20230420000040137438 7170213 false
116 20230420000040137430 7170214 false
117 20230420000040137398 7170212 false
118 20230420000040137234 7170210 false
119 20230420000040137086 7170203 false
120 20230420000040137077 7170205 false
121 20230420000040137075 7170202 false
122 20230420000040137061 7170207 false
123 20230420000040136942 7170195 false
124 20230420000040136933 7170143 false
125 20230420000040136921 7170199 false
126 20230420000040136920 7170197 false
127 20230420000040136915 7170196 false
128 20230420000040136672 7170135 false
129 20230420000040136668 7170128 false
130 20230420000040136654 7170133 false
131 20230420000040136617 7170514 false
132 20230420000040136592 7170515 false
133 20230420000040136585 7170510 false
134 20230420000040136582 7170513 false
135 20230420000040136553 7170124 false
136 20230420000040136551 7170126 false
137 20230420000040136534 7170509 false
138 20230420000040136529 7170118 false
139 20230420000040136512 7170518 false
140 20230420000040136509 7170508 false
141 20230420000040136506 7170117 false
142 20230420000040136505 7170114 false
143 20230420000040136491 7170511 false
144 20230420000040136486 7170109 false
145 20230420000040136483 7170112 false
146 20230420000040136369 7170113 false
147 20230420000040136223 7170507 false
148 20230420000040135969 7170107 false
149 20230420000040135965 7170504 false
150 20230420000040135950 7170497 false
151 20230420000040135936 7170103 false
152 20230420000040135935 7170100 false
153 20230420000040135914 7170367 false
154 20230420000040135898 7170093 false
155 20230420000040135896 7170095 false
156 20230420000040135888 7170108 false
157 20230420000040135887 7170502 false
158 20230420000040135862 7170094 false
159 20230420000040135854 7170503 false
160 20230420000040135849 7170512 false
161 20230420000040135838 7170088 false
162 20230420000040135824 7170506 false
163 20230420000040135820 7170517 false
164 20230420000040135795 7170092 false
165 20230420000040135739 7170501 false
166 20230420000040135730 7170080 false
167 20230420000040135725 7170086 false
168 20230420000040135723 7170499 false
169 20230420000040135721 7170085 false
170 20230420000040135701 7170076 false
171 20230420000040135683 7170075 false
172 20230420000040135681 7170494 false
173 20230420000040135663 7170074 false
174 20230420000040135626 7170072 false
175 20230420000040135619 7170071 false
176 20230420000040135562 7170496 false
177 20230420000040135490 7170057 false
178 20230420000040135456 7170498 false
179 20230420000040135451 7170495 false
180 20230420000040135450 7170054 false
181 20230420000040135416 7170066 false
182 20230420000040135401 7170490 false
183 20230420000040135399 7170043 false
184 20230420000040135397 7170042 false
185 20230420000040135396 7170047 false
186 20230420000040135392 7170041 false
187 20230420000040135390 7170491 false
188 20230420000040135387 7170493 false
189 20230420000040135384 7170051 false
190 20230420000040135377 7170486 false
191 20230420000040135369 7170039 false
192 20230420000040135359 undefined false
193 20230420000040135271 7170037 false
194 20230420000040135270 7170028 false
195 20230420000040135259 7170030 false
196 20230420000040135255 7170505 false
197 20230420000040135245 7170488 false
198 20230420000040135230 7169964 false
199 20230420000040135208 7170484 false
200 20230420000040135205 7170032 false
201 20230420000040135202 7169963 false
202 20230420000040135198 7170492 false
203 20230420000040135179 7169965 false
204 20230420000040135165 7170489 false
205 20230420000040135148 7170485 false
206 20230420000040135146 7170487 false
207 20230420000040135118 7170482 false
208 20230420000040135113 7170483 false
209 20230420000040135100 7170481 false
210 20230420000040135083 7169953 false
211 20230420000040135067 7169957 false
212 20230420000040135040 7169949 false
213 20230420000040135007 7169941 false
214 20230420000040135006 7169943 false
215 20230420000040135002 7169952 false
216 20230420000040134994 7170250 false
217 20230420000040134988 7169947 false
218 20230420000040134983 7170082 false
219 20230420000040134977 7169936 false
220 20230420000040134971 7169939 false
221 20230420000040134972 7169938 false
222 20230420000040134959 7169937 false
223 20230420000040134957 7169934 false
224 20230420000040134956 7170343 false
225 20230420000040134943 7170347 false
226 20230420000040134941 7170346 false
227 20230420000040134910 7169931 false
228 20230420000040134896 7170345 false
229 20230420000040134873 7169930 false
230 20230420000040134872 7170344 false
231 20230420000040134866 7169932 false
232 20230420000040134860 7169919 false
233 20230420000040134831 7169914 false
234 20230420000040134809 7170063 false
235 20230420000040134785 undefined false
236 20230420000040134774 7170341 false
237 20230420000040134751 7170035 false
238 20230420000040134729 7170083 false
239 20230420000040134730 7170336 false
240 20230420000040134719 7170337 false
241 20230420000040134718 7170340 false
242 20230420000040134706 7170255 false
243 20230420000040134687 7170342 false
244 20230420000040134642 7170338 false
245 20230420000040134617 7170327 false
246 20230420000040134615 7169893 false
247 20230420000040134541 7170334 false
248 20230420000040134538 7170335 false
249 20230420000040134537 7170329 false
250 20230420000040134510 7170332 false
251 20230420000040134482 undefined false
252 20230420000040134478 undefined false
253 20230420000040134460 7169873 false
254 20230420000040134458 7170070 false
255 20230420000040134421 7169918 false
256 20230420000040134419 7170331 false
257 20230420000040134339 7169871 false
258 20230420000040134306 7169865 false
259 20230420000040134299 7170333 false
260 20230420000040134280 7170330 false
261 20230420000040134271 7170326 false
262 20230420000040134231 7170325 false
263 20230420000040134225 7169853 false
264 20230420000040134214 7170324 false
265 20230420000040134210 7170323 false
266 20230420000040134202 7169850 false
267 20230420000040134117 7170321 false
268 20230420000040134075 7170319 false
269 20230420000040134060 7170192 false
270 20230420000040134059 7170318 false
271 20230420000040134048 7170322 false
272 20230420000040133964 7170073 false
273 20230420000040133941 7169783 false
274 20230420000040133887 7170191 false
275 20230420000040133861 7170193 false
276 20230420000040133852 7170189 false
277 20230420000040133839 7170182 false
278 20230420000040133833 7169776 false
279 20230420000040133831 7170188 false
280 20230420000040133822 7170190 false
281 20230420000040133757 7170183 false
282 20230420000040133758 7170187 false
283 20230420000040133754 7170186 false
284 20230420000040133741 7170185 false
285 20230420000040133737 7170179 false
286 20230420000040133723 7169770 false
287 20230420000040133694 7170178 false
288 20230420000040133680 7170172 false
289 20230420000040133666 7170175 false
290 20230420000040133661 7170181 false
291 20230420000040133627 7170176 false
292 20230420000040133615 7170184 false
293 20230420000040133611 7170173 false
294 20230420000040133558 7170174 false
295 20230420000040133544 7170171 false
296 20230420000040133541 7170170 false
297 20230420000040133488 7169725 false
298 20230420000040133487 7170160 false
299 20230420000040133486 7170166 false
300 20230420000040133483 7170165 false
301 20230420000040133481 7170180 false
302 20230420000040133473 7170162 false
303 20230420000040133462 7170177 false
304 20230420000040133454 7170163 false
305 20230420000040133428 7170156 false
306 20230420000040133424 7170167 false
307 20230420000040133417 7170161 false
308 20230420000040133415 undefined false
309 20230420000040133409 7170164 false
310 20230420000040133401 7170157 false
311 20230420000040133398 7170152 false
312 20230420000040133396 7170158 false
313 20230420000040133395 7170155 false
314 20230420000040133389 7170147 false
315 20230420000040133384 7170168 false
316 20230420000040133378 7169703 false
317 20230420000040133364 7170151 false
318 20230420000040133351 7170149 false
319 20230420000040133348 7169944 false
320 20230420000040133341 7170153 false
321 20230420000040133304 7170148 false
322 20230420000040133302 7170150 false
323 20230420000040133298 undefined false
324 20230420000040133272 7169684 false
325 20230420000040133269 7170159 false
326 20230420000040133267 7170142 false
327 20230420000040133260 7170146 false
328 20230420000040133254 7169685 false
329 20230420000040133218 7169677 false
330 20230420000040133184 7170140 false
331 20230420000040133179 7170141 false
332 20230420000040133159 7169671 false
333 20230420000040133140 7170320 false
334 20230420000040133138 7170145 false
335 20230420000040132961 7170139 false
336 20230420000040132872 7169581 false
337 20230420000040132841 7169681 false
338 20230420000040132702 7169556 false
339 20230420000040132644 7169917 false
340 20230420000040132421 7169512 false
341 20230420000040132249 undefined false
342 20230420000040132112 7169454 false
343 20230420000040132090 7169466 false
344 20230420000040131706 7169851 false
345 20230420000040130330 7169356 false
346 20230420000040130264 7169342 false
347 20230420000040130261 7169341 false
348 20230420000040129626 7169354 false
349 20230420000040129548 7169312 false
350 20230420000040129512 7169307 false
351 20230420000040129492 7169362 false
352 20230420000040128418 7169249 false
353 20230420000040128391 7169258 false
354 20230420000040127739 7169170 false
355 20230420000040127719 7169149 false
356 20230420000040127530 7169132 false
357 20230420000040127475 7169146 false
358 20230420000040127458 7169127 false
359 20230420000040127447 7169214 false
360 20230420000040127399 undefined false
361 20230420000040127310 7169116 false
362 20230420000040126841 7169067 false
363 20230420000040126767 7169328 false
364 20230420000040125827 7168879 false
365 20230420000040125625 7168851 false
366 20230420000040125238 undefined false
367 20230420000040124956 7168800 false
368 20230420000040124730 7168764 false
369 20230420000040124660 7168761 false
370 20230420000040124481 7168755 false
371 20230420000040124388 7168746 false
372 20230420000040124330 7168706 false
373 20230420000040123559 7168711 false
374 20230420000040123364 7168665 false
375 20230420000040123309 7168642 false
376 20230420000040123242 7168646 false
377 20230420000040122918 7168609 false
378 20230420000040122848 7168606 false
379 20230420000040122778 undefined false
380 20230420000040122750 7168586 false
381 20230420000040122461 7168573 false
382 20230420000040122338 7168514 false
383 20230420000040122310 7168512 false
384 20230420000040122247 7168530 false
385 20230420000040122085 7168497 false
386 20230420000040121768 7168465 false
387 20230420000040120188 7168439 false
388 20230420000040118173 7168435 false
389 20230420000040115839 7168375 false
390 20230420000040115828 7168384 false
391 20230420000040115017 7168290 false
392 20230420000040113939 7168179 false
393 20230420000040113526 7168300 false
394 20230420000040113466 7168210 false
395 20230419000040105774 undefined false
396 20230419000040105721 7167201 false
397 20230419000040105706 undefined false
398 20230419000040105691 7167198 false
399 20230419000040105685 7167195 false
400 20230419000040105565 7167181 false
401 20230419000040105126 7167094 false
402 20230419000040105010 7167091 false
403 20230419000040104816 7167079 false
404 20230419000040104614 7167034 false
405 20230419000040104448 7167011 false
406 20230419000040104188 7166930 false
407 20230419000040103743 7166879 false
408 20230419000040103617 7166860 false
409 20230419000040103349 7166848 false
410 20230419000040103210 7167063 false
411 20230419000040102900 7166764 false
412 20230419000040102557 undefined false
413 20230419000040102263 7166684 false
414 20230419000040102245 7166681 false
415 20230419000040101363 7166595 false
416 20230419000040101173 7166587 false
417 20230419000040101078 7166669 false
418 20230419000040101020 7166723 false
419 20230419000040100318 undefined false
420 20230419000040100095 7166588 false
421 20230419000040099936 7166498 false
422 20230419000040099492 7166437 false
423 20230419000040099459 7166427 false
424 20230419000040099450 7166581 false
425 20230419000040099009 7166394 false
426 20230419000040092882 7166454 false
427 20230419000040089062 7166274 false
428 20230419000040088966 7166268 false
429 20230419000040087972 undefined false
430 20230419000040087955 7166243 false
431 20230419000040087222 7166205 false
432 20230419000040086834 7166112 false
433 20230419000040086419 undefined false
434 20230419000040085915 7166040 false
435 20230419000040085908 7166034 false
436 20230419000040085744 undefined false
437 20230419000040085181 7165995 false
438 20230419000040085139 7165934 false
439 20230419000040084577 7165871 false
440 20230419000040084499 7165857 false
441 20230419000040083307 7165832 false
442 20230419000040083295 7165842 false
443 20230419000040083124 7165806 false
444 20230419000040083024 undefined false
445 20230419000040083014 undefined false
446 20230419000040082981 7165735 false
447 20230419000040082854 7165725 false
448 20230419000040082802 undefined false
449 20230419000040082717 7165714 false
450 20230419000040082620 7165694 false
451 20230419000040082595 7165692 false
452 20230419000040082486 7165671 false
453 20230419000040080051 7165627 false
454 20230419000040079472 7165497 false
455 20230419000040079350 7165484 false
456 20230419000040079196 7165446 false
457 20230419000040078896 7165454 false
458 20230419000040078528 7165304 false
459 20230419000040078238 undefined false
460 20230419000040078124 undefined false
461 20230419000040078031 undefined false
462 20230419000040077977 7165216 false
463 20230419000040077485 7165105 false
464 20230419000040076667 7165004 false
465 20230419000040076593 7165005 false
466 20230419000040076507 undefined false
467 20230419000040076435 7164910 false
468 20230419000040076380 7164914 false
469 20230419000040076354 7164898 false
470 20230419000040076287 7164890 false
471 20230419000040076002 7164867 false
472 20230419000040075976 7164852 false
473 20230419000040075830 undefined false
474 20230419000040075775 7164818 false
475 20230419000040075582 7164804 false
476 20230419000040075557 7164790 false
477 20230419000040075546 7165232 false
478 20230419000040075136 7164743 false
479 20230419000040074603 7164796 false
480 20230419000040074089 7164626 false
481 20230419000040073874 7164594 false
482 20230419000040072963 7164458 false
483 20230419000040072864 7164456 false
484 20230419000040072854 7164486 false
485 20230419000040072757 7164442 false
486 20230419000040072505 7164415 false
487 20230419000040063541 7164343 false
488 20230419000040061610 7164312 false
489 20230419000040060660 7164186 false
490 20230419000040060207 7164147 false
491 20230419000040060129 undefined false
492 20230419000040059879 7164106 false
493 20230419000040058739 7164043 false
494 20230419000040056089 7164011 false
495 20230419000040056044 7164004 false
496 20230419000040055846 7163983 false
497 20230419000040055674 7163968 false
498 20230419000040055575 7163959 false
499 20230419000040055512 7163947 false
500 20230419000040046604 undefined false
501 20230418000040043388 undefined false
502 20230418000040042355 7162681 false
503 20230418000040042245 7162676 false
504 20230418000040042210 7162667 false
505 20230418000040042117 7162658 false
506 20230418000040041788 7162622 false
507 20230418000040041782 7162618 false
508 20230418000040041772 7162645 false
509 20230418000040038526 7162497 false
510 20230418000040036816 7162485 false
511 20230418000040035615 7162472 false
512 20230418000040035546 7162459 false
513 20230418000040035489 7162453 false
514 20230418000040035376 7162379 false
515 20230418000040035337 7162392 false
516 20230418000040035142 undefined false
517 20230418000040035091 7162334 false
518 20230418000040035086 7162338 false
519 20230418000040034508 7162318 false
520 20230418000040033212 7162482 false
521 20230418000040032709 7162197 false
522 20230418000040032584 7162161 false
523 20230418000040032541 7162166 false
524 20230418000040032502 7162148 false
525 20230418000040032204 7162104 false
526 20230418000040032052 7162089 false
527 20230418000040031783 undefined false
528 20230418000040031596 7161973 false
529 20230418000040031537 7161958 false
530 20230418000040031532 7161956 false
531 20230418000040031282 7161937 false
532 20230418000040031106 7161912 false
533 20230418000040030857 7161887 false
534 20230418000040030826 7161881 false
535 20230418000040030587 undefined false
536 20230418000040030275 7161743 false
537 20230418000040030032 7161707 false
538 20230418000040029936 7161699 false
539 20230418000040029827 7161691 false
540 20230418000040029601 7161673 false
541 20230418000040029243 undefined false
542 20230418000040029034 7161669 false
543 20230418000040029008 7161725 false
544 20230418000040028940 7161620 false
545 20230418000040028905 7161536 false
546 20230418000040028255 7161504 false
547 20230418000040028072 7161483 false
548 20230418000040028049 7161481 false
549 20230418000040027950 7161468 false
550 20230418000040027523 7161430 false
551 20230418000040027454 7161411 false
552 20230418000040027268 7161407 false
553 20230418000040027043 7161276 false
554 20230418000040027020 7161290 false
555 20230418000040026840 7161257 false
556 20230418000040026753 7161239 false
557 20230418000040026691 7161232 false
558 20230418000040026533 7161208 false
559 20230418000040026314 7161161 false
560 20230418000040026285 undefined false
561 20230418000040026272 7161157 false
562 20230418000040026088 7161140 false
563 20230418000040025470 7161035 false
564 20230418000040025317 7161186 false
565 20230418000040025185 7161002 false
566 20230418000040025028 7160984 false
567 20230418000040024979 7160989 false
568 20230418000040024968 7161271 false
569 20230418000040024620 7160960 false
570 20230418000040024613 7160961 false
571 20230418000040024177 7161003 false
572 20230418000040024101 7160881 false
573 20230418000040024100 7160885 false
574 20230418000040023659 7160734 false
575 20230418000040022594 7160672 false
576 20230418000040022533 7160666 false
577 20230418000040022491 7160654 false
578 20230418000040022456 undefined false
579 20230418000040021895 7160585 false
580 20230418000040021641 undefined false
581 20230418000040020647 7160330 false
582 20230418000040020503 undefined false
583 20230418000040020476 7160297 false
584 20230418000040020411 7160276 false
585 20230418000040020403 7160273 false
586 20230418000040020195 7160130 false
587 20230418000040020177 7160143 false
588 20230418000040019911 7160090 false
589 20230418000040019874 7160073 false
590 20230418000040019850 7160064 false
591 20230418000040019732 7160058 false
592 20230418000040019713 7160042 false
593 20230418000040019526 7160002 false
594 20230418000040019448 undefined false
595 20230418000040017933 7159966 false
596 20230418000040017902 7159951 false
597 20230418000040017890 7160036 false
598 20230418000040017767 7159827 false
599 20230418000040017748 7159848 false
600 20230418000040017727 7159831 false
601 20230418000040017452 undefined false
602 20230418000040017356 7159741 false
603 20230418000040017213 7159711 false
604 20230418000040017030 7159687 false
605 20230418000040016967 7159658 false
606 20230418000040016693 7159625 false
607 20230418000040016586 7159617 false
608 20230418000040016389 undefined false
609 20230418000040016271 7159542 false
610 20230418000040015912 7159404 false
611 20230418000040015664 7159356 false
612 20230418000040015661 7159373 false
613 20230418000040015647 undefined false
614 20230418000040015445 7159340 false
615 20230418000040015341 7159289 false
616 20230418000040015338 7159308 false
617 20230418000040015292 7159277 false
618 20230418000040015041 7159217 false
619 20230418000040014875 undefined false
620 20230418000040014854 7159135 false
621 20230418000040014760 7159102 false
622 20230418000040014431 7159061 false
623 20230418000040014372 7159062 false
624 20230418000040014342 7159057 false
625 20230418000040014216 7159033 false
626 20230418000040014178 7159016 false
627 20230418000040014138 7159013 false
628 20230418000040013884 7158975 false
629 20230418000040013876 undefined false
630 20230418000040013765 7158998 false
631 20230418000040013692 7158916 false
632 20230418000040013371 7158860 false
633 20230418000040013271 7158845 false
634 20230418000040013046 7158756 false
635 20230418000040012940 7158737 false
636 20230418000040012819 7158714 false
637 20230418000040012466 7158648 false
638 20230418000040012460 7158680 false
639 20230418000040012388 7158640 false
640 20230418000040012346 7158625 false
641 20230418000040012329 7158664 false
642 20230418000040012259 7158616 false
643 20230418000040012180 7158606 false
644 20230418000040009360 7158921 false
645 20230418000040007870 7158550 false
646 20230418000040006603 7158525 false
647 20230418000040006305 7158586 false
648 20230418000040006298 7158434 false
649 20230418000040006039 undefined false
650 20230418000040005098 7158364 false
651 20230418000040004970 7158279 false
652 20230418000040004966 7158278 false
653 20230418000040004812 7158274 false
654 20230418000040004619 7158244 false
655 20230418000040004517 undefined false
656 20230418000040004357 7158153 false
657 20230418000040004218 7158123 false
658 20230418000040004116 7158108 false
659 20230418000040003976 7158094 false
660 20230418000040003851 7158083 false
661 20230418000040003393 7158048 false
662 20230418000040002268 7157986 false
663 20230418000040002264 7158417 false
664 20230418000040000246 7158088 false
665 20230418000040000198 undefined false
666 20230418000039999153 7158205 false
667 20230418000039997985 undefined false
668 20230418000039996952 undefined false
669 20230417000039995389 undefined false
670 20230417000039994727 7156739 false
671 20230417000039994718 7156725 false
672 20230417000039994504 7156701 false
673 20230417000039994317 7156674 false
674 20230417000039994110 7156613 false
675 20230417000039993964 7156596 false
676 20230417000039993888 7156587 false
677 20230417000039993702 7156560 false
678 20230417000039993362 7156520 false
679 20230417000039993263 7156506 false
680 20230417000039993226 7156497 false
681 20230417000039992278 undefined false
682 20230417000039992197 7156418 false
683 20230417000039992187 7156436 false
684 20230417000039990888 7156381 false
685 20230417000039990743 7156607 false
686 20230417000039990145 undefined false
687 20230417000039990075 7156244 false
688 20230417000039990018 7156264 false
689 20230417000039989848 7156221 false
690 20230417000039989778 7156210 false
691 20230417000039989744 7156199 false
692 20230417000039987743 undefined false
693 20230417000039987214 7156141 false
694 20230417000039987164 7156109 false
695 20230417000039987094 7156152 false
696 20230417000039986970 7156066 false
697 20230417000039982189 undefined false
698 20230417000039981440 7155991 false
699 20230417000039980728 7155987 false
700 20230417000039979434 7155952 false
701 20230417000039975442 7155863 false
702 20230417000039970456 7155780 false
703 20230417000039970365 7155765 false
704 20230417000039970269 7155752 false
705 20230417000039970125 7155731 false
706 20230417000039969781 7155702 false
707 20230417000039969623 7155676 false
708 20230417000039969150 7155641 false
709 20230417000039968898 undefined false
710 20230417000039968834 undefined false
711 20230417000039968608 7155554 false
712 20230417000039968471 7155539 false
713 20230417000039968417 7155611 false
714 20230417000039967942 7155427 false
715 20230417000039967507 7155385 false
716 20230417000039967387 7155375 false
717 20230417000039967314 7155370 false
718 20230417000039967286 7155365 false
719 20230417000039967240 7155356 false
720 20230417000039967033 7155332 false
721 20230417000039967025 7155329 false
722 20230417000039966982 7155341 false
723 20230417000039966899 7155253 false
724 20230417000039966835 7155249 false
725 20230417000039966810 7155240 false
726 20230417000039966636 7155227 false
727 20230417000039966614 7155222 false
728 20230417000039966602 7155220 false
729 20230417000039966511 7155206 false
730 20230417000039966245 7155174 false
731 20230417000039965370 7155119 false
732 20230417000039965257 7155106 false
733 20230417000039965254 7155102 false
734 20230417000039964747 7154983 false
735 20230417000039964630 7154955 false
736 20230417000039964608 7154942 false
737 20230417000039963268 7154897 false
738 20230417000039962778 7154781 false
739 20230417000039962310 7154707 false
740 20230417000039961906 7154655 false
741 20230417000039961595 7154526 false
742 20230417000039961447 7154519 false
743 20230417000039961360 undefined false
744 20230417000039961334 undefined false
745 20230417000039961305 7154470 false
746 20230417000039961068 7154441 false
747 20230417000039960975 undefined false
748 20230417000039960969 undefined false
749 20230417000039960898 7154430 false
750 20230417000039960873 undefined false
751 20230417000039960867 7154408 false
752 20230417000039960089 7154379 false
753 20230417000039959555 7154373 false
754 20230417000039958626 7154387 false
755 20230417000039958450 7154291 false
756 20230417000039957859 7154213 false
757 20230417000039957617 7154183 false
758 20230417000039957613 7154173 false
759 20230417000039957240 undefined false
760 20230417000039957084 7154056 false
761 20230417000039956927 7154047 false
762 20230417000039956860 7154034 false
763 20230417000039956496 7153998 false
764 20230417000039956222 7153952 false
765 20230417000039955866 7153900 false
766 20230417000039955801 undefined false
767 20230417000039955483 undefined false
768 20230417000039955425 7153776 false
769 20230417000039955205 7153755 false
770 20230417000039955053 7153731 false
771 20230417000039954798 7153696 false
772 20230417000039954166 undefined false
773 20230417000039954071 7153597 false
774 20230417000039953839 7153568 false
775 20230417000039953667 undefined false
776 20230417000039953171 7153960 false
777 20230417000039952875 7153417 false
778 20230417000039952595 7153389 false
779 20230417000039952583 7153383 false
780 20230417000039952213 7153335 false
781 20230417000039951814 7153311 false
782 20230417000039950485 undefined false
783 20230417000039950457 undefined false
784 20230417000039950361 7153146 false
785 20230417000039950193 undefined false
786 20230417000039950183 undefined false
787 20230417000039948141 7152993 false
788 20230417000039948035 7152975 false
789 20230417000039947783 undefined false
790 20230417000039947726 7152940 false
791 20230417000039947588 7152943 false
792 20230417000039947259 7152960 false
793 20230417000039929858 7152786 false
794 20230417000039929570 7152903 false
795 20230416000039926803 undefined false
796 20230416000039924887 undefined false
797 20230415000039921994 undefined false
798 20230415000039921216 undefined false
799 20230414000039917987 undefined false
800 20230414000039917854 undefined false
801 20230414000039917259 undefined false
802 20230414000039916612 7149476 false
803 20230414000039916599 7149475 false
804 20230414000039916250 7149416 false
805 20230414000039911202 7149365 false
806 20230414000039910844 undefined false
807 20230414000039910750 7149279 false
808 20230414000039910611 7149255 false
809 20230414000039910266 7149229 false
810 20230414000039910162 7149225 false
811 20230414000039909485 7149182 false
812 20230414000039909365 7149140 false
813 20230414000039909226 7149121 false
814 20230414000039909078 7149102 false
815 20230414000039908972 7149092 false
816 20230414000039908873 7149082 false
817 20230414000039908760 7149073 false
818 20230414000039908536 7149036 false
819 20230414000039908378 7148999 false
820 20230414000039907825 7148946 false
821 20230414000039907779 7148941 false
822 20230414000039907720 7149008 false
823 20230414000039907011 undefined false
824 20230414000039906885 undefined false
825 20230414000039906851 7148781 false
826 20230414000039906830 7148819 false
827 20230414000039906771 7148774 false
828 20230414000039906741 undefined false
829 20230414000039906627 7148752 false
830 20230414000039904871 7148746 false
831 20230414000039903365 7148733 false
832 20230414000039902912 7148731 false
833 20230414000039901367 7148710 false
834 20230414000039901315 undefined false
835 20230414000039898716 7148547 false
836 20230414000039895576 undefined false
837 20230414000039891261 7148496 false
838 20230414000039891193 7148494 false
839 20230414000039890465 7148473 false
840 20230414000039888990 7148469 false
841 20230414000039887698 7148454 false
842 20230414000039887548 7148408 false
843 20230414000039887356 7148385 false
844 20230414000039887328 7148377 false
845 20230414000039887267 7148371 false
846 20230414000039887269 7148401 false
847 20230414000039887260 undefined false
848 20230414000039886872 undefined false
849 20230414000039886686 7148283 false
850 20230414000039885809 7148134 false
851 20230414000039885444 7148100 false
852 20230414000039885398 7148040 false
853 20230414000039885205 7148012 false
854 20230414000039884360 7148263 false
855 20230414000039884352 7147816 false
856 20230414000039884349 7147817 false
857 20230414000039884321 7147811 false
858 20230414000039884280 7147805 false
859 20230414000039884235 7147794 false
860 20230414000039884204 7147787 false
861 20230414000039883906 undefined false
862 20230414000039883478 7147721 false
863 20230414000039883409 7147707 false
864 20230414000039883167 7147622 false
865 20230414000039883156 7147611 false
866 20230414000039883007 7147586 false
867 20230414000039882873 7147567 false
868 20230414000039882847 7147571 false
869 20230414000039881341 7147592 false
870 20230414000039881081 undefined false
871 20230414000039880956 7147501 false
872 20230414000039880674 7147482 false
873 20230414000039880659 7147472 false
874 20230414000039880648 7147476 false
875 20230414000039880646 undefined false
876 20230414000039880398 7147446 false
877 20230414000039880223 7147408 false
878 20230414000039880093 7147433 false
879 20230414000039879876 7147362 false
880 20230414000039879740 7147340 false
881 20230414000039879706 7147322 false
882 20230414000039879664 7147331 false
883 20230414000039879643 7147338 false
884 20230414000039879641 7147313 false
885 20230414000039879557 7147459 false
886 20230414000039879483 7147284 false
887 20230414000039879417 7147290 false
888 20230414000039879226 7147213 false
889 20230414000039879043 7147196 false
890 20230414000039878912 7147573 false
891 20230414000039878908 undefined false
892 20230414000039878878 undefined false
893 20230414000039878849 undefined false
894 20230414000039878826 7147160 false
895 20230414000039878757 7147148 false
896 20230414000039878615 7147119 false
897 20230414000039878467 7147093 false
898 20230414000039878395 7147088 false
899 20230414000039878355 undefined false
900 20230414000039878215 undefined false
901 20230414000039877566 7146991 false
902 20230414000039877424 undefined false
903 20230414000039876820 7146905 false
904 20230414000039876799 7146902 false
905 20230414000039876648 undefined false
906 20230414000039876619 7146889 false
907 20230414000039876620 undefined false
908 20230414000039876581 undefined false
909 20230414000039876577 7146872 false
910 20230414000039876567 7146878 false
911 20230414000039876509 7146865 false
912 20230414000039876399 7146858 false
913 20230414000039876189 7146848 false
914 20230414000039875948 7146765 false
915 20230414000039875789 7146752 false
916 20230414000039875734 7146745 false
917 20230414000039875589 undefined false
918 20230414000039875225 7146677 false
919 20230414000039874945 7146635 false
920 20230414000039874941 7146659 false
921 20230414000039874423 7146545 false
922 20230414000039874262 undefined false
923 20230414000039874241 7146533 false
924 20230414000039874184 7146527 false
925 20230414000039874018 undefined false
926 20230414000039873987 7146502 false
927 20230414000039873968 7146499 false
928 20230414000039873592 7146478 false
929 20230414000039873583 7146477 false
930 20230414000039867937 7146382 false
931 20230414000039866888 undefined false
932 20230414000039866692 7146301 false
933 20230414000039866246 7146308 false
934 20230414000039866142 7146263 false
935 20230414000039866082 7146253 false
936 20230414000039857787 undefined false
937 20230414000039857006 undefined false
938 20230413000039856018 undefined false
939 20230413000039854989 7145192 false
940 20230413000039854965 7145193 false
941 20230413000039854948 7145186 false
942 20230413000039854855 7145164 false
943 20230413000039854817 7145169 false
944 20230413000039854758 7145151 false
945 20230413000039854749 7145152 false
946 20230413000039854720 7145146 false
947 20230413000039854588 7145131 false
948 20230413000039854549 7145119 false
949 20230413000039854539 undefined false
950 20230413000039854468 7145112 false
951 20230413000039854293 7145057 false
952 20230413000039854167 7145046 false
953 20230413000039854131 undefined false
954 20230413000039854047 7145019 false
955 20230413000039854029 7145010 false
956 20230413000039853979 7145001 false
957 20230413000039853681 7144978 false
958 20230413000039853680 7144990 false
959 20230413000039853579 undefined false
960 20230413000039853564 7144967 false
961 20230413000039853562 7144988 false
962 20230413000039853545 7144963 false
963 20230413000039853442 7144914 false
964 20230413000039853194 7144890 false
965 20230413000039851177 7144883 false
966 20230413000039846568 7144856 false
967 20230413000039845729 7144848 false
968 20230413000039845611 7144838 false
969 20230413000039845465 7144816 false
970 20230413000039845176 7144731 false
971 20230413000039844040 undefined false
972 20230413000039841489 7144673 false
973 20230413000039841482 7144672 false
974 20230413000039841394 undefined false
975 20230413000039839840 7144600 false
976 20230413000039838933 7144581 false
977 20230413000039838917 7144578 false
978 20230413000039838870 7144585 false
979 20230413000039838842 undefined false
980 20230413000039838726 7144554 false
981 20230413000039838603 7144550 false
982 20230413000039827388 7144384 false
983 20230413000039827387 7144360 false
984 20230413000039827345 7144355 false
985 20230413000039827280 7144345 false
986 20230413000039827247 7144347 false
987 20230413000039826724 undefined false
988 20230413000039826659 7144303 false
989 20230413000039826326 7144293 false
990 20230413000039826065 7144213 false
991 20230413000039824941 7144167 false
992 20230413000039824654 7144174 false
993 20230413000039824582 7144126 false
994 20230413000039824532 7144116 false
995 20230413000039824416 7144108 false
996 20230413000039824358 7144089 false
997 20230413000039824342 7144091 false
998 20230413000039824219 7144038 false
999 20230413000039824103 7144025 false
1000 20230413000039823973 undefined false
1001 20230413000039823907 7144007 false
1002 20230413000039823666 undefined false
1003 20230413000039823610 7143975 false
1004 20230413000039823565 7144017 false
1005 20230413000039823544 7143969 false
1006 20230413000039823291 undefined false
1007 20230413000039822925 7143839 false
1008 20230413000039822540 7143848 false
1009 20230413000039822414 7143768 false
1010 20230413000039822280 7143751 false
1011 20230413000039821741 7143664 false
1012 20230413000039821673 7143657 false
1013 20230413000039821643 7143651 false
1014 20230413000039821596 undefined false
1015 20230413000039821551 7143632 false
1016 20230413000039821539 7143636 false
1017 20230413000039821436 undefined false
1018 20230413000039821331 7143600 false
1019 20230413000039821293 undefined false
1020 20230413000039821286 7144043 false
1021 20230413000039821234 7143612 false
1022 20230413000039821164 7143576 false
1023 20230413000039821083 undefined false
1024 20230413000039821023 7143555 false
1025 20230413000039820664 undefined false
1026 20230413000039820376 undefined false
1027 20230413000039820198 7143388 false
1028 20230413000039820097 7143370 false
1029 20230413000039820010 7143420 false
1030 20230413000039820001 7143867 false
1031 20230413000039819712 7143277 false
1032 20230413000039819710 7143282 false
1033 20230413000039819657 undefined false
1034 20230413000039819508 7143260 false
1035 20230413000039819378 7143257 false
1036 20230413000039817830 undefined false
1037 20230413000039817016 7143234 false
1038 20230413000039816427 7143225 false
1039 20230413000039816367 7143221 false
1040 20230413000039816352 7143216 false
1041 20230413000039816342 undefined false
1042 20230413000039816239 undefined false
1043 20230413000039815447 7143158 false
1044 20230413000039814329 7143164 false
1045 20230413000039813846 7143085 false
1046 20230413000039813738 7143074 false
1047 20230413000039813060 7143022 false
1048 20230413000039812733 7142924 false
1049 20230413000039812578 7142873 false
1050 20230413000039812426 7142848 false
1051 20230413000039812378 7142850 false
1052 20230413000039812215 7142832 false
1053 20230413000039812211 7142818 false
1054 20230413000039812004 undefined false
1055 20230413000039811917 7142777 false
1056 20230413000039811375 7142711 false
1057 20230413000039811250 7142632 false
1058 20230413000039811113 7142616 false
1059 20230413000039810954 7142595 false
1060 20230413000039810852 7142576 false
1061 20230413000039810486 undefined false
1062 20230413000039810307 7142527 false
1063 20230413000039810238 undefined false
1064 20230413000039810106 undefined false
1065 20230413000039810084 7142511 false
1066 20230413000039810017 7142505 false
1067 20230413000039809754 7142422 false
1068 20230413000039809375 7142373 false
1069 20230413000039809319 7142368 false
1070 20230413000039809302 7142369 false
1071 20230413000039808617 7142350 false
1072 20230413000039808466 7142327 false
1073 20230413000039808239 7142289 false
1074 20230413000039808077 7142260 false
1075 20230413000039807908 7142252 false
1076 20230413000039806752 7142108 false
1077 20230413000039806719 7142120 false
1078 20230413000039806573 7142087 false
1079 20230413000039806540 undefined false
1080 20230413000039806420 undefined false
1081 20230413000039806210 undefined false
1082 20230413000039806161 7142003 false
1083 20230413000039805617 7141960 false
1084 20230413000039805602 7141956 false
1085 20230413000039804079 undefined false
1086 20230413000039802657 7141910 false
1087 20230413000039802203 undefined false
1088 20230413000039801925 7141842 false
1089 20230413000039801758 7141883 false
1090 20230413000039801507 7141844 false
1091 20230413000039800729 undefined false
1092 20230413000039798677 undefined false
1093 20230412000039796683 undefined false
1094 20230412000039796478 7140632 false
1095 20230412000039796220 7140605 false
1096 20230412000039796107 7140586 false
1097 20230412000039796055 7140587 false
1098 20230412000039796052 7140582 false
1099 20230412000039796022 7140570 false
1100 20230412000039795828 7140502 false
1101 20230412000039795139 7140436 false
1102 20230412000039795053 undefined false
1103 20230412000039795018 undefined false
1104 20230412000039794654 7140334 false
1105 20230412000039794392 7140320 false
1106 20230412000039794244 7140302 false
1107 20230412000039794155 7140288 false
1108 20230412000039794081 7140287 false
1109 20230412000039793939 7140261 false
1110 20230412000039793868 7140256 false
1111 20230412000039793773 7140235 false
1112 20230412000039793713 7140229 false
1113 20230412000039793468 7140162 false
1114 20230412000039793432 7140169 false
1115 20230412000039793404 undefined false
1116 20230412000039793332 7140481 false
1117 20230412000039793257 undefined false
1118 20230412000039792249 7140101 false
1119 20230412000039791863 7140059 false
1120 20230412000039791749 7140045 false
1121 20230412000039788254 7139977 false
1122 20230412000039779895 7139945 false
1123 20230412000039778910 7139914 false
1124 20230412000039778889 7139908 false
1125 20230412000039778835 7139902 false
1126 20230412000039776379 7139873 false
1127 20230412000039776151 7139876 false
1128 20230412000039776132 7139868 false
1129 20230412000039775928 7139867 false
1130 20230412000039775289 undefined false
1131 20230412000039774837 undefined false
1132 20230412000039774249 7139858 false
1133 20230412000039774230 7139840 false
1134 20230412000039774086 7139777 false
1135 20230412000039773962 7139752 false
1136 20230412000039773652 7139716 false
1137 20230412000039773645 7139714 false
1138 20230412000039773454 undefined false
1139 20230412000039773382 7139674 false
1140 20230412000039773376 7139671 false
1141 20230412000039773357 undefined false
1142 20230412000039773294 7139661 false
1143 20230412000039773249 7139654 false
1144 20230412000039772934 7139586 false
1145 20230412000039771537 7139564 false
1146 20230412000039770591 7139541 false
1147 20230412000039770420 7139525 false
1148 20230412000039770192 undefined false
1149 20230412000039768115 7139474 false
1150 20230412000039767409 7139488 false
1151 20230412000039764543 7139408 false
1152 20230412000039762482 7139363 false
1153 20230412000039762016 7139362 false
1154 20230412000039762005 7139351 false
1155 20230412000039761992 undefined false
1156 20230412000039761793 7139314 false
1157 20230412000039761745 7139308 false
1158 20230412000039761700 7139298 false
1159 20230412000039761657 7139299 false
1160 20230412000039761507 7139276 false
1161 20230412000039761501 7139264 false
1162 20230412000039760928 7139152 false
1163 20230412000039760812 7139140 false
1164 20230412000039760673 7139111 false
1165 20230412000039760570 7139099 false
1166 20230412000039760523 7139093 false
1167 20230412000039760338 7139076 false
1168 20230412000039760303 7139082 false
1169 20230412000039759112 undefined false
1170 20230412000039759104 7139038 false
1171 20230412000039759090 7139050 false
1172 20230412000039759061 7139028 false
1173 20230412000039759053 7139024 false
1174 20230412000039758893 undefined false
1175 20230412000039758434 7138838 false
1176 20230412000039758347 7138825 false
1177 20230412000039758176 7138795 false
1178 20230412000039758177 7138786 false
1179 20230412000039758159 7138791 false
1180 20230412000039758088 7138768 false
1181 20230412000039758085 7138769 false
1182 20230412000039757873 undefined false
1183 20230412000039757819 undefined false
1184 20230412000039757795 7138676 false
1185 20230412000039757760 7138672 false
1186 20230412000039757743 7138664 false
1187 20230412000039757627 7138631 false
1188 20230412000039757613 undefined false
1189 20230412000039757176 7138620 false
1190 20230412000039757147 7138618 false
1191 20230412000039757012 undefined false
1192 20230412000039756987 7138583 false
1193 20230412000039756979 7138581 false
1194 20230412000039756644 7138455 false
1195 20230412000039756611 7138447 false
1196 20230412000039756589 7138443 false
1197 20230412000039754929 undefined false
1198 20230412000039754512 7138433 false
1199 20230412000039752782 7138404 false
1200 20230412000039752002 7138406 false
1201 20230412000039751472 7138390 false
1202 20230412000039751335 7138385 false
1203 20230412000039751287 undefined false
1204 20230412000039751115 7138339 false
1205 20230412000039750809 undefined false
1206 20230412000039750740 7138258 false
1207 20230412000039750560 7138178 false
1208 20230412000039750444 7138163 false
1209 20230412000039750287 7138146 false
1210 20230412000039750228 undefined false
1211 20230412000039750226 undefined false
1212 20230412000039750095 7138102 false
1213 20230412000039749992 7138107 false
1214 20230412000039749902 undefined false
1215 20230412000039749681 7138074 false
1216 20230412000039749583 undefined false
1217 20230412000039749459 undefined false
1218 20230412000039749304 undefined false
1219 20230412000039749282 7137959 false
1220 20230412000039749230 7138045 false
1221 20230412000039749142 7137925 false
1222 20230412000039749112 undefined false
1223 20230412000039749000 7137899 false
1224 20230412000039748722 7137875 false
1225 20230412000039748705 7137865 false
1226 20230412000039748681 undefined false
1227 20230412000039748651 undefined false
1228 20230412000039748603 7137864 false
1229 20230412000039748472 7137830 false
1230 20230412000039748165 7137811 false
1231 20230412000039748154 7137779 false
1232 20230412000039747979 undefined false
1233 20230412000039747743 undefined false
1234 20230412000039747715 undefined false
1235 20230412000039747668 7137669 false
1236 20230412000039747394 undefined false
1237 20230412000039747266 undefined false
1238 20230412000039747245 7137953 false
1239 20230412000039747139 undefined false
1240 20230412000039747120 undefined false
1241 20230412000039747017 7137581 false
1242 20230412000039746756 undefined false
1243 20230412000039746695 7137538 false
1244 20230412000039746662 7137531 false
1245 20230412000039746619 undefined false
1246 20230412000039746559 undefined false
1247 20230412000039743678 undefined false
1248 20230412000039742843 7137455 false
1249 20230412000039741924 undefined false
1250 20230412000039740414 undefined false
1251 20230412000039740387 undefined false
1252 20230412000039739918 7137646 false
1253 20230412000039739919 7137421 false
1254 20230412000039737101 7137392 false
1255 20230412000039736926 undefined false
1256 20230412000039736904 7137374 false
1257 20230412000039736858 7137367 false
1258 20230412000039736420 undefined false
1259 20230412000039736169 7137291 false
1260 20230412000039736057 undefined false
1261 20230412000039736053 7137268 false
1262 20230412000039736041 undefined false
1263 20230412000039735931 7137201 false
1264 20230412000039735690 7137171 false
1265 20230412000039735388 7137149 false
1266 20230412000039735258 undefined false
1267 20230412000039735189 7137145 false
1268 20230412000039735166 7137116 false
1269 20230412000039734874 7137081 false
1270 20230412000039734701 7137075 false
1271 20230412000039734615 undefined false
1272 20230412000039734286 7137045 false
1273 20230412000039734224 undefined false
1274 20230412000039734157 7136937 false
1275 20230412000039734061 undefined false
1276 20230412000039733834 undefined false
1277 20230412000039733305 7136885 false
1278 20230412000039732933 undefined false
1279 20230412000039732895 undefined false
1280 20230412000039732738 undefined false
1281 20230412000039732734 7136845 false
1282 20230412000039732709 undefined false
1283 20230412000039732675 7136838 false
1284 20230412000039732674 undefined false
1285 20230412000039732661 undefined false
1286 20230412000039732660 undefined false
1287 20230412000039732658 undefined false
1288 20230412000039732547 undefined false
1289 20230412000039732538 undefined false
1290 20230412000039732532 undefined false
1291 20230412000039732506 undefined false
1292 20230412000039732478 undefined false
1293 20230412000039732450 undefined false
1294 20230412000039732232 undefined false
1295 20230412000039732127 7136914 false
1296 20230412000039732120 undefined false
1297 20230412000039732115 undefined false
1298 20230412000039732083 undefined false
1299 20230412000039732038 undefined false
1300 20230412000039731887 7136942 false
1301 20230412000039731742 undefined false
1302 20230412000039731707 undefined false
1303 20230412000039731500 undefined false
1304 20230412000039731402 undefined false
1305 20230412000039729902 undefined false
1306 20230412000039729893 undefined false
1307 20230412000039729008 undefined false
1308 20230412000039728908 undefined false
1309 20230412000039728704 undefined false
1310 20230411000039725439 7135608 false
1311 20230411000039725161 undefined false
1312 20230411000039725069 undefined false
1313 20230411000039725052 7135543 false
1314 20230411000039724826 7135483 false
1315 20230411000039724798 7135484 false
1316 20230411000039724797 7135476 false
1317 20230411000039724477 7135443 false
1318 20230411000039724304 undefined false
1319 20230411000039724243 7135423 false
1320 20230411000039724031 7135336 false
1321 20230411000039723993 7135342 false
1322 20230411000039723672 7135299 false
1323 20230411000039723669 7135318 false
1324 20230411000039723566 undefined false
1325 20230411000039723208 7135246 false
1326 20230411000039723028 7135231 false
1327 20230411000039723013 7135236 false
1328 20230411000039722838 7135455 false
1329 20230411000039722497 7135133 false
1330 20230411000039722395 7135121 false
1331 20230411000039722390 7135123 false
1332 20230411000039722348 7135127 false
1333 20230411000039722273 7135099 false
1334 20230411000039722168 undefined false
1335 20230411000039722052 undefined false
1336 20230411000039721985 7135059 false
1337 20230411000039721923 7135058 false
1338 20230411000039721852 7135053 false
1339 20230411000039721345 undefined false
1340 20230411000039721219 7134961 false
1341 20230411000039720909 7134922 false
1342 20230411000039720715 undefined false
1343 20230411000039720575 7134882 false
1344 20230411000039720348 7134896 false
1345 20230411000039716994 undefined false
1346 20230411000039713622 7134900 false
1347 20230411000039713261 7134733 false
1348 20230411000039713210 undefined false
1349 20230411000039712650 7134661 false
1350 20230411000039712527 7134659 false
1351 20230411000039712478 7134641 false
1352 20230411000039712285 7134623 false
1353 20230411000039712161 7134630 false
1354 20230411000039712088 7134549 false
1355 20230411000039712062 undefined false
1356 20230411000039712053 7134538 false
1357 20230411000039712022 undefined false
1358 20230411000039711852 7134518 false
1359 20230411000039711763 7134726 false
1360 20230411000039711711 7134543 false
1361 20230411000039711612 7134488 false
1362 20230411000039711587 7134486 false
1363 20230411000039711559 7134478 false
1364 20230411000039711553 7134473 false
1365 20230411000039711408 7134462 false
1366 20230411000039711251 7134460 false
1367 20230411000039710927 7134363 false
1368 20230411000039710883 7134360 false
1369 20230411000039709950 7134343 false
1370 20230411000039709870 7134327 false
1371 20230411000039709811 7134321 false
1372 20230411000039709773 7134314 false
1373 20230411000039709723 7134309 false
1374 20230411000039709529 undefined false
1375 20230411000039709312 7134268 false
1376 20230411000039709235 7134270 false
1377 20230411000039709142 7134248 false
1378 20230411000039709119 7134241 false
1379 20230411000039709043 7134231 false
1380 20230411000039708787 7134219 false
1381 20230411000039708517 7134121 false
1382 20230411000039708511 7134134 false
1383 20230411000039708453 7134107 false
1384 20230411000039708093 7134072 false
1385 20230411000039707974 7134055 false
1386 20230411000039707805 7134035 false
1387 20230411000039707355 7133935 false
1388 20230411000039707064 7134068 false
1389 20230411000039707050 7133896 false
1390 20230411000039706730 7133847 false
1391 20230411000039706587 7133812 false
1392 20230411000039706516 7133793 false
1393 20230411000039706039 7133670 false
1394 20230411000039706022 7133671 false
1395 20230411000039706004 7133662 false
1396 20230411000039705996 7133661 false
1397 20230411000039705931 7133643 false
1398 20230411000039705696 undefined false
1399 20230411000039705499 7133575 false
1400 20230411000039705383 7133609 false
1401 20230411000039705369 7133497 false
1402 20230411000039705293 7133487 false
1403 20230411000039705282 undefined false
1404 20230411000039705279 7133481 false
1405 20230411000039705224 7133474 false
1406 20230411000039705223 7133461 false
1407 20230411000039705151 7133447 false
1408 20230411000039705096 undefined false
1409 20230411000039704866 undefined false
1410 20230411000039704704 7133369 false
1411 20230411000039704684 undefined false
1412 20230411000039704513 7133328 false
1413 20230411000039704479 7133326 false
1414 20230411000039704278 7133305 false
1415 20230411000039704205 undefined false
1416 20230411000039703134 7133221 false
1417 20230411000039702635 7133178 false
1418 20230411000039702554 7133170 false
1419 20230411000039702453 7133156 false
1420 20230411000039701652 7133149 false
1421 20230411000039700981 7133128 false
1422 20230411000039700185 7133150 false
1423 20230411000039699174 7133177 false
1424 20230411000039698398 7133098 false
1425 20230411000039697794 undefined false
1426 20230411000039697766 7133050 false
1427 20230411000039697552 undefined false
1428 20230411000039697550 7133041 false
1429 20230411000039697344 7132946 false
1430 20230411000039697341 7132951 false
1431 20230411000039697288 undefined false
1432 20230411000039697118 undefined false
1433 20230411000039696939 7132917 false
1434 20230411000039696921 undefined false
1435 20230411000039696692 7132858 false
1436 20230411000039694750 undefined false
1437 20230411000039694457 7132830 false
1438 20230411000039690977 undefined false
1439 20230411000039690970 7132775 false
1440 20230411000039690747 undefined false
1441 20230411000039690655 7132689 false
1442 20230411000039690469 7132854 false
1443 20230411000039690121 7132629 false
1444 20230411000039689865 7132593 false
1445 20230411000039689824 7132607 false
1446 20230411000039689819 7132601 false
1447 20230411000039689806 7132599 false
1448 20230411000039689459 7132541 false
1449 20230411000039689202 undefined false
1450 20230411000039689194 undefined false
1451 20230411000039689174 7132498 false
1452 20230411000039689120 7132483 false
1453 20230411000039689105 7132476 false
1454 20230411000039688681 7132449 false
1455 20230411000039688626 7132462 false
1456 20230411000039688604 7132376 false
1457 20230411000039687428 7132335 false
1458 20230411000039687283 7132349 false
1459 20230411000039687135 7132293 false
1460 20230411000039687047 7132281 false
1461 20230411000039686728 7132272 false
1462 20230411000039686307 7132231 false
1463 20230411000039686271 undefined false
1464 20230411000039685397 7132207 false
1465 20230411000039684551 7132118 false
1466 20230411000039684453 7132098 false
1467 20230411000039684434 7132083 false
1468 20230411000039683837 7132043 false
1469 20230411000039682487 7131967 false
1470 20230411000039681893 7131877 false
1471 20230411000039681630 7131861 false
1472 20230411000039681445 7131839 false
1473 20230411000039681411 7131837 false
1474 20230411000039681031 7131787 false
1475 20230411000039680988 7131784 false
1476 20230411000039680929 7131771 false
1477 20230411000039678115 7131802 false
1478 20230411000039677276 undefined false
1479 20230411000039677262 7131812 false
1480 20230410000039674633 undefined false
1481 20230410000039674435 undefined false
1482 20230410000039674194 undefined false
1483 20230410000039672419 7130437 false
1484 20230410000039672417 7130439 false
1485 20230410000039672266 7130414 false
1486 20230410000039672176 7130402 false
1487 20230410000039672103 7130382 false
1488 20230410000039672007 7130367 false
1489 20230410000039671959 7130361 false
1490 20230410000039671862 7130339 false
1491 20230410000039671718 7130284 false
1492 20230410000039671678 7130280 false
1493 20230410000039671596 undefined false
1494 20230410000039671535 7130268 false
1495 20230410000039671320 7130257 false
1496 20230410000039671150 undefined false
1497 20230410000039670958 7130215 false
1498 20230410000039670904 7130197 false
1499 20230410000039670768 7130182 false
1500 20230410000039670753 7130183 false
1501 20230410000039670438 7130074 false
1502 20230410000039670226 7130047 false
1503 20230410000039669699 7130037 false
1504 20230410000039669663 7130036 false
1505 20230410000039669460 7129981 false
1506 20230410000039668251 7129961 false
1507 20230410000039668201 7129914 false
1508 20230410000039668172 7129903 false
1509 20230410000039668144 7129904 false
1510 20230410000039668119 7129896 false
1511 20230410000039668059 undefined false
1512 20230410000039667974 7129887 false
1513 20230410000039667564 7129847 false
1514 20230410000039667504 7129834 false
1515 20230410000039666708 7129879 false
1516 20230410000039665947 undefined false
1517 20230410000039665932 7129771 false
1518 20230410000039665648 7129691 false
1519 20230410000039665619 7129698 false
1520 20230410000039664854 7129785 false
1521 20230410000039663782 7129665 false
1522 20230410000039662258 7129641 false
1523 20230410000039662183 7129627 false
1524 20230410000039662085 7129615 false
1525 20230410000039661947 7129599 false
1526 20230410000039661785 undefined false
1527 20230410000039661690 7129570 false
1528 20230410000039661659 7129566 false
1529 20230410000039661238 7129451 false
1530 20230410000039661072 7129436 false
1531 20230410000039660508 7129375 false
1532 20230410000039660249 7129343 false
1533 20230410000039660126 7129319 false
1534 20230410000039660083 7129308 false
1535 20230410000039660032 7129306 false
1536 20230410000039656491 7129210 false
1537 20230410000039656354 7129198 false
1538 20230410000039656045 7129144 false
1539 20230410000039655831 7129109 false
1540 20230410000039655793 7129106 false
1541 20230410000039655175 7129087 false
1542 20230410000039654757 7128969 false
1543 20230410000039654604 7128949 false
1544 20230410000039654416 7128932 false
1545 20230410000039654338 7128929 false
1546 20230410000039654252 7128915 false
1547 20230410000039654187 7128901 false
1548 20230410000039654178 7128897 false
1549 20230410000039652813 undefined false
1550 20230410000039652611 undefined false
1551 20230410000039652603 7128863 false
1552 20230410000039652529 7128856 false
1553 20230410000039652480 7129085 false
1554 20230410000039652128 7128791 false
1555 20230410000039652060 7128746 false
1556 20230410000039652045 7128715 false
1557 20230410000039651884 7128787 false
1558 20230410000039651854 7128692 false
1559 20230410000039651616 7128682 false
1560 20230410000039651544 7128655 false
1561 20230410000039650733 undefined false
1562 20230410000039649972 7128634 false
1563 20230410000039649899 7128640 false
1564 20230410000039649658 7128593 false
1565 20230410000039649483 7128566 false
1566 20230410000039649124 7128526 false
1567 20230410000039649122 7128517 false
1568 20230410000039648999 7128445 false
1569 20230410000039648956 7128429 false
1570 20230410000039648923 7128458 false
1571 20230410000039648815 7128416 false
1572 20230410000039648801 7128414 false
1573 20230410000039648617 7128390 false
1574 20230410000039648596 7128383 false
1575 20230410000039648437 undefined false
1576 20230410000039648313 7128354 false
1577 20230410000039648298 7128349 false
1578 20230410000039648289 7128397 false
1579 20230410000039648166 7128338 false
1580 20230410000039648021 7128318 false
1581 20230410000039648017 7128334 false
1582 20230410000039647610 7128254 false
1583 20230410000039646855 7128131 false
1584 20230410000039646823 7128128 false
1585 20230410000039646651 7128117 false
1586 20230410000039646042 7128127 false
1587 20230410000039645120 7128109 false
1588 20230410000039645061 undefined false
1589 20230410000039645052 7128091 false
1590 20230410000039645002 7128078 false
1591 20230410000039645000 7128066 false
1592 20230410000039644972 7128064 false
1593 20230410000039644936 7128056 false
1594 20230410000039644910 7128054 false
1595 20230410000039644893 undefined false
1596 20230410000039644844 7128067 false
1597 20230410000039644735 undefined false
1598 20230410000039644531 7127996 false
1599 20230410000039644434 7127875 false
1600 20230410000039644422 7127987 false
1601 20230410000039644169 7127835 false
1602 20230410000039644160 7127844 false
1603 20230410000039643827 7127826 false
1604 20230410000039643560 7127734 false
1605 20230410000039643504 7127815 false
1606 20230410000039642504 7127667 false
1607 20230410000039642353 7127608 false
1608 20230410000039642314 7127596 false
1609 20230410000039642072 7127742 false
1610 20230410000039641924 7127535 false
1611 20230410000039641629 7127491 false
1612 20230410000039641514 7127469 false
1613 20230410000039641495 7127462 false
1614 20230410000039641417 7127720 false
1615 20230410000039641234 7127431 false
1616 20230410000039640805 7127385 false
1617 20230410000039640729 7127276 false
1618 20230410000039640701 7127271 false
1619 20230410000039640693 7127286 false
1620 20230410000039639607 7127237 false
1621 20230410000039633254 7127139 false
1622 20230410000039633014 7127093 false
1623 20230410000039632883 7127069 false
1624 20230410000039631591 7126960 false
1625 20230410000039631502 7126958 false
1626 20230410000039631146 7126899 false
1627 20230410000039631134 7126938 false
1628 20230410000039630015 7126856 false
1629 20230410000039629617 7126823 false
1630 20230410000039629050 7126768 false
1631 20230410000039628888 7126754 false
1632 20230410000039628843 undefined false
1633 20230410000039628766 7126728 false
1634 20230410000039628365 7126688 false
1635 20230410000039628333 7126694 false
1636 20230410000039628096 7126700 false
1637 20230410000039628086 7126686 false
1638 20230410000039627952 7126631 false
1639 20230410000039627877 7126614 false
1640 20230410000039627491 7126565 false
1641 20230410000039627425 7126560 false
1642 20230410000039627354 7126573 false
1643 20230410000039627277 7126545 false
1644 20230410000039627270 7126564 false
1645 20230410000039627187 7126528 false
1646 20230410000039626473 7126506 false
1647 20230410000039626365 undefined false
1648 20230410000039626192 7126481 false
1649 20230410000039626125 7126469 false
1650 20230410000039626097 7126463 false
1651 20230410000039625928 7126443 false
1652 20230410000039625799 7126433 false
1653 20230410000039625565 7126343 false
1654 20230410000039625491 7126513 false
1655 20230410000039624724 7126277 false
1656 20230410000039623677 7126240 false
1657 20230410000039623051 7126170 false
1658 20230410000039623013 7126163 false
1659 20230410000039622977 7126162 false
1660 20230410000039622921 undefined false
1661 20230410000039622906 7126152 false
1662 20230410000039622885 7126537 false
1663 20230410000039622499 7126056 false
1664 20230410000039622398 7126046 false
1665 20230410000039622270 7126147 false
1666 20230410000039622162 undefined false
1667 20230410000039621890 7125989 false
1668 20230410000039621670 7125979 false
1669 20230410000039621656 7125976 false
1670 20230410000039621443 7125982 false
1671 20230410000039621412 7125967 false
1672 20230410000039621329 7125963 false
1673 20230410000039619866 7125940 false
1674 20230410000039619053 7125916 false
1675 20230410000039618268 undefined false
1676 20230410000039617990 7125968 false
1677 20230410000039617451 7126226 false
1678 20230410000039617008 7125922 false
1679 20230410000039615833 7126013 false
1680 20230410000039615145 undefined false
1681 20230409000039613795 undefined false
1682 20230408000039611397 undefined false
1683 20230408000039610509 undefined false
1684 20230408000039609629 undefined false
1685 20230408000039609286 undefined false
1686 20230407000039606044 undefined false
1687 20230407000039601926 undefined false
1688 20230406000039601222 undefined false
1689 20230406000039600570 undefined false
1690 20230406000039600463 7121215 false
1691 20230406000039600282 7121189 false
1692 20230406000039600057 7121185 false
1693 20230406000039599962 7121118 false
1694 20230406000039599782 7121093 false
1695 20230406000039599588 7121066 false
1696 20230406000039599569 7121064 false
1697 20230406000039599489 7121054 false
1698 20230406000039599453 7121067 false
1699 20230406000039599423 7121012 false
1700 20230406000039599370 7121003 false
1701 20230406000039599317 7120994 false
1702 20230406000039591334 7120955 false
1703 20230406000039585380 7120945 false
1704 20230406000039584566 undefined false
1705 20230406000039583183 undefined false
1706 20230406000039582653 7120790 false
1707 20230406000039581768 7120705 false
1708 20230406000039580818 7120635 false
1709 20230406000039580737 7120637 false
1710 20230406000039580630 undefined false
1711 20230406000039579789 7120500 false
1712 20230406000039579276 undefined false
1713 20230406000039579259 7120378 false
1714 20230406000039579000 7120353 false
1715 20230406000039578757 7120310 false
1716 20230406000039578645 7120295 false
1717 20230406000039578357 7120228 false
1718 20230406000039578194 7120223 false
1719 20230406000039578043 7120204 false
1720 20230406000039577587 7120149 false
1721 20230406000039577502 7120178 false
1722 20230406000039577435 7120135 false
1723 20230406000039577427 7120131 false
1724 20230406000039577370 7120121 false
1725 20230406000039577233 7120104 false
1726 20230406000039577183 7120100 false
1727 20230406000039577130 7120096 false
1728 20230406000039576650 7120011 false
1729 20230406000039576163 7119918 false
1730 20230406000039575802 7119808 false
1731 20230406000039575659 7119789 false
1732 20230406000039575617 7119786 false
1733 20230406000039575539 7119776 false
1734 20230406000039574983 7119672 false
1735 20230406000039574932 7119663 false
1736 20230406000039574890 undefined false
1737 20230406000039574826 7119647 false
1738 20230406000039574373 7119585 false
1739 20230406000039574361 7119583 false
1740 20230406000039574259 7119565 false
1741 20230406000039574107 7119544 false
1742 20230406000039574043 7119904 false
1743 20230406000039574021 7119606 false
1744 20230406000039573841 7119507 false
1745 20230406000039573831 7119478 false
1746 20230406000039573720 7119443 false
1747 20230406000039573718 7119580 false
1748 20230406000039573653 7119426 false
1749 20230406000039573440 7119391 false
1750 20230406000039573343 7119388 false
1751 20230406000039573158 7119366 false
1752 20230406000039573122 7119339 false
1753 20230406000039573097 7119334 false
1754 20230406000039572825 7119293 false
1755 20230406000039572752 7119278 false
1756 20230406000039572728 7119283 false
1757 20230406000039572614 7119199 false
1758 20230406000039572581 7119201 false
1759 20230406000039572476 7119192 false
1760 20230406000039572307 7119163 false
1761 20230406000039571715 7119142 false
1762 20230406000039571509 7119113 false
1763 20230406000039571475 7119110 false
1764 20230406000039571076 7119050 false
1765 20230406000039570905 7119092 false
1766 20230406000039570656 7118953 false
1767 20230406000039570346 7118931 false
1768 20230406000039570316 undefined false
1769 20230406000039569940 7118864 false
1770 20230406000039569332 7118732 false
1771 20230406000039568564 7118684 false
1772 20230406000039568488 7118665 false
1773 20230406000039568298 undefined false
1774 20230406000039567928 7118600 false
1775 20230406000039567922 7118595 false
1776 20230406000039567791 7118793 false
1777 20230406000039567770 7118580 false
1778 20230406000039567195 7118457 false
1779 20230406000039567028 7118437 false
1780 20230406000039566904 7118416 false
1781 20230406000039566812 7118409 false
1782 20230406000039566280 7118329 false
1783 20230406000039566130 7118324 false
1784 20230406000039565982 7118269 false
1785 20230406000039565660 7118213 false
1786 20230406000039565487 7118200 false
1787 20230406000039565103 7118164 false
1788 20230406000039564940 7118149 false
1789 20230406000039564247 undefined false
1790 20230406000039563921 7117987 false
1791 20230406000039563833 7117977 false
1792 20230406000039563583 7117950 false
1793 20230406000039563487 7117937 false
1794 20230406000039563083 7118193 false
1795 20230406000039563020 7118061 false
1796 20230406000039562413 7118028 false
1797 20230406000039559508 undefined false
1798 20230405000039559173 undefined false
1799 20230405000039558826 undefined false
1800 20230405000039558661 undefined false
1801 20230405000039557519 7116800 false
1802 20230405000039557484 7116793 false
1803 20230405000039557255 7116773 false
1804 20230405000039557161 7116763 false
1805 20230405000039557151 7116758 false
1806 20230405000039557112 7116754 false
1807 20230405000039557104 7116756 false
1808 20230405000039557074 undefined false
1809 20230405000039556989 7116741 false
1810 20230405000039556492 7116681 false
1811 20230405000039556437 undefined false
1812 20230405000039556376 undefined false
1813 20230405000039556316 7116648 false
1814 20230405000039556250 7116649 false
1815 20230405000039555311 7116530 false
1816 20230405000039555269 7116523 false
1817 20230405000039555110 7116515 false
1818 20230405000039554084 7116364 false
1819 20230405000039554062 undefined false
1820 20230405000039553931 7116342 false
1821 20230405000039553878 7116349 false
1822 20230405000039553709 7116324 false
1823 20230405000039553686 7116332 false
1824 20230405000039553674 7116323 false
1825 20230405000039553174 7116242 false
1826 20230405000039553007 7116227 false
1827 20230405000039552499 7116162 false
1828 20230405000039552460 7116154 false
1829 20230405000039552446 7116156 false
1830 20230405000039552331 7116102 false
1831 20230405000039552159 undefined false
1832 20230405000039551913 7116057 false
1833 20230405000039551663 7116034 false
1834 20230405000039551590 7116020 false
1835 20230405000039551548 7116016 false
1836 20230405000039551457 7116009 false
1837 20230405000039551342 7116003 false
1838 20230405000039550775 7115886 false
1839 20230405000039549108 7115843 false
1840 20230405000039549040 7115836 false
1841 20230405000039548889 7115819 false
1842 20230405000039548886 7115808 false
1843 20230405000039548657 7115805 false
1844 20230405000039548647 7115782 false
1845 20230405000039548538 7115727 false
1846 20230405000039548446 7115728 false
1847 20230405000039548201 7115690 false
1848 20230405000039547366 7115665 false
1849 20230405000039546748 7115669 false
1850 20230405000039546737 7115658 false
1851 20230405000039546582 7115644 false
1852 20230405000039546088 7115531 false
1853 20230405000039545975 7115522 false
1854 20230405000039545956 7115526 false
1855 20230405000039545836 7115501 false
1856 20230405000039545822 undefined false
1857 20230405000039545521 undefined false
1858 20230405000039545453 7115461 false
1859 20230405000039545140 7115413 false
1860 20230405000039545078 7115405 false
1861 20230405000039544818 7115329 false
1862 20230405000039544677 7115309 false
1863 20230405000039544577 7115288 false
1864 20230405000039544560 7115336 false
1865 20230405000039543945 7115195 false
1866 20230405000039543862 7115186 false
1867 20230405000039543825 7115139 false
1868 20230405000039543737 7115118 false
1869 20230405000039543527 7115098 false
1870 20230405000039543499 7115092 false
1871 20230405000039543432 7115080 false
1872 20230405000039543354 7115062 false
1873 20230405000039543329 7115057 false
1874 20230405000039542960 7115039 false
1875 20230405000039542840 7115018 false
1876 20230405000039542566 7114996 false
1877 20230405000039542520 7114921 false
1878 20230405000039542398 7114909 false
1879 20230405000039542229 7114883 false
1880 20230405000039542142 7114862 false
1881 20230405000039541783 7114799 false
1882 20230405000039541607 7114832 false
1883 20230405000039541028 7114631 false
1884 20230405000039540905 7114611 false
1885 20230405000039540880 undefined false
1886 20230405000039540524 7114591 false
1887 20230405000039540360 7114571 false
1888 20230405000039540085 7114483 false
1889 20230405000039540083 7114480 false
1890 20230405000039539830 7114477 false
1891 20230405000039539508 7114461 false
1892 20230405000039539460 7114406 false
1893 20230405000039539243 7114387 false
1894 20230405000039538846 7114330 false
1895 20230405000039538710 7114308 false
1896 20230405000039538395 7114244 false
1897 20230405000039538316 7114212 false
1898 20230405000039538270 7114211 false
1899 20230405000039538156 7114196 false
1900 20230405000039537800 7114150 false
1901 20230405000039537585 7114128 false
1902 20230405000039537535 7114108 false
1903 20230405000039537403 7114138 false
1904 20230405000039537349 7114090 false
1905 20230405000039537334 7114093 false
1906 20230405000039537210 7114072 false
1907 20230405000039536887 undefined false
1908 20230405000039536411 7113992 false
1909 20230405000039536298 7113974 false
1910 20230405000039535987 7113961 false
1911 20230405000039535954 7113951 false
1912 20230405000039535929 7113955 false
1913 20230405000039535757 7114325 false
1914 20230405000039535329 undefined false
1915 20230405000039535193 undefined false
1916 20230405000039534909 7113908 false
1917 20230405000039534861 7113883 false
1918 20230405000039534757 7113887 false
1919 20230405000039534737 7113889 false
1920 20230405000039534598 7113862 false
1921 20230405000039534567 undefined false
1922 20230405000039534412 7113850 false
1923 20230405000039533793 undefined false
1924 20230405000039533555 7113754 false
1925 20230405000039533463 7113750 false
1926 20230405000039532812 7113694 false
1927 20230405000039532646 undefined false
1928 20230405000039532329 7113520 false
1929 20230405000039531696 7113948 false
1930 20230405000039531646 7113461 false
1931 20230405000039529704 undefined false
1932 20230405000039528912 7113419 false
1933 20230405000039527992 undefined false
1934 20230405000039527919 7113387 false
1935 20230405000039527897 7113386 false
1936 20230405000039527278 7113421 false
1937 20230405000039524663 undefined false
1938 20230405000039523597 undefined false
1939 20230405000039523569 undefined false
1940 20230405000039523568 undefined false
1941 20230405000039523554 undefined false
1942 20230405000039523553 undefined false
1943 20230405000039523550 undefined false
1944 20230405000039523547 undefined false
1945 20230405000039523543 undefined false
1946 20230405000039523539 undefined false
1947 20230405000039523534 undefined false
1948 20230405000039523530 undefined false
1949 20230405000039523528 undefined false
1950 20230405000039523527 undefined false
1951 20230405000039523524 undefined false
1952 20230405000039523513 undefined false
1953 20230405000039523512 undefined false
1954 20230405000039523509 undefined false
1955 20230405000039523505 undefined false
1956 20230405000039523503 undefined false
1957 20230405000039523500 undefined false
1958 20230405000039523496 undefined false
1959 20230405000039523488 undefined false
1960 20230405000039523481 undefined false
1961 20230405000039523478 undefined false
1962 20230405000039523476 undefined false
1963 20230405000039523473 undefined false
1964 20230405000039523466 undefined false
1965 20230405000039523465 undefined false
1966 20230405000039523461 undefined false
1967 20230405000039523460 undefined false
1968 20230405000039523456 undefined false
1969 20230404000039522147 undefined false
1970 20230404000039521670 undefined false
1971 20230404000039521608 7112034 false
1972 20230404000039521549 undefined false
1973 20230404000039521478 undefined false
1974 20230404000039521367 7111998 false
1975 20230404000039521282 7112028 false
1976 20230404000039521235 7111983 false
1977 20230404000039521177 7111975 false
1978 20230404000039520683 7111872 false
1979 20230404000039520040 7111815 false
1980 20230404000039519966 7111753 false
1981 20230404000039518911 7111617 false
1982 20230404000039518836 7111607 false
1983 20230404000039517913 7111540 false
1984 20230404000039517773 7111523 false
1985 20230404000039517678 7111519 false
1986 20230404000039517500 7111490 false
1987 20230404000039517397 7111475 false
1988 20230404000039517140 7111439 false
1989 20230404000039516587 7111355 false
1990 20230404000039516549 7111353 false
1991 20230404000039516499 undefined false
1992 20230404000039516406 7111338 false
1993 20230404000039515616 7111173 false
1994 20230404000039515565 7111163 false
1995 20230404000039515352 7111139 false
1996 20230404000039513740 7111103 false
1997 20230404000039513114 7111087 false
1998 20230404000039512662 7111038 false
1999 20230404000039512548 7111014 false
2000 20230404000039512452 7111002 false
2001 20230404000039512256 7110975 false
2002 20230404000039512087 undefined false
2003 20230404000039512036 7110948 false
2004 20230404000039511993 7111025 false
2005 20230404000039511480 7111058 false
2006 20230404000039511283 7110840 false
2007 20230404000039511094 7110799 false
2008 20230404000039510609 7110776 false
2009 20230404000039510512 7110759 false
2010 20230404000039510429 7110680 false
2011 20230404000039510380 7110684 false
2012 20230404000039510377 7110683 false
2013 20230404000039510332 7110986 false
2014 20230404000039510317 undefined false
2015 20230404000039510264 7110662 false
2016 20230404000039510147 7110636 false
2017 20230404000039509820 7110608 false
2018 20230404000039509656 7110570 false
2019 20230404000039509495 7110548 false
2020 20230404000039509059 7110529 false
2021 20230404000039508038 7110426 false
2022 20230404000039507982 7110410 false
2023 20230404000039507293 undefined false
2024 20230404000039506983 undefined false
2025 20230404000039506593 undefined false
2026 20230404000039506540 7110280 false
2027 20230404000039506442 7110274 false
2028 20230404000039506394 7110272 false
2029 20230404000039506252 7110187 false
2030 20230404000039505982 7110169 false
2031 20230404000039505856 7110379 false
2032 20230404000039505823 7110131 false
2033 20230404000039505324 7110062 false
2034 20230404000039504687 7110051 false
2035 20230404000039504623 7109946 false
2036 20230404000039504459 7109922 false
2037 20230404000039504267 7109863 false
2038 20230404000039504245 7109880 false
2039 20230404000039504241 7109861 false
2040 20230404000039504184 undefined false
2041 20230404000039503469 7109852 false
2042 20230404000039503479 7109815 false
2043 20230404000039502474 7109808 false
2044 20230404000039502356 7109782 false
2045 20230404000039502311 7109781 false
2046 20230404000039501762 7109647 false
2047 20230404000039501182 7109591 false
2048 20230404000039500992 7109556 false
2049 20230404000039500991 7109646 false
2050 20230404000039499889 7109509 false
2051 20230404000039499849 7109441 false
2052 20230404000039499732 7109429 false
2053 20230404000039499512 7109402 false
2054 20230404000039498784 7109395 false
2055 20230404000039498666 7109377 false
2056 20230404000039498630 7109367 false
2057 20230404000039498614 undefined false
2058 20230404000039498549 7109353 false
2059 20230404000039498450 7109443 false
2060 20230404000039498155 7109317 false
2061 20230404000039498030 7109295 false
2062 20230404000039498027 7109301 false
2063 20230404000039497804 7109251 false
2064 20230404000039497342 7109192 false
2065 20230404000039496957 7109146 false
2066 20230404000039496714 7109103 false
2067 20230404000039496141 7109073 false
2068 20230404000039496114 7109005 false
2069 20230404000039495998 7108990 false
2070 20230404000039495952 7108985 false
2071 20230404000039495728 7108964 false
2072 20230404000039495724 7108953 false
2073 20230404000039495679 7108948 false
2074 20230404000039495632 7109687 false
2075 20230404000039495579 7108943 false
2076 20230404000039494831 7108895 false
2077 20230404000039494734 7108889 false
2078 20230404000039494724 7108880 false
2079 20230404000039494621 7108866 false
2080 20230404000039494603 7108868 false
2081 20230404000039494532 7108856 false
2082 20230404000039494398 7108835 false
2083 20230404000039494343 undefined false
2084 20230404000039494089 7108820 false
2085 20230404000039493874 undefined false
2086 20230404000039493847 undefined false
2087 20230404000039493577 7108758 false
2088 20230404000039493451 7108750 false
2089 20230404000039492912 7108637 false
2090 20230404000039492893 7108640 false
2091 20230404000039492731 7108624 false
2092 20230404000039492368 7108598 false
2093 20230404000039492181 7108562 false
2094 20230404000039490648 7108429 false
2095 20230404000039488239 7108405 false
2096 20230404000039488175 7108404 false
2097 20230404000039488060 7108399 false
2098 20230404000039488004 7108402 false
2099 20230404000039487620 7108346 false
2100 20230404000039487485 7108331 false
2101 20230404000039487432 7108375 false
2102 20230404000039486196 7108304 false
2103 20230404000039480910 undefined false
2104 20230403000039469068 undefined false
2105 20230403000039468605 7106658 false
2106 20230403000039468476 7106644 false
2107 20230403000039468455 7106630 false
2108 20230403000039468442 7106645 false
2109 20230403000039468424 7106623 false
2110 20230403000039468123 7106512 false
2111 20230403000039467941 7106486 false
2112 20230403000039467734 7106468 false
2113 20230403000039467690 7106449 false
2114 20230403000039467681 7106484 false
2115 20230403000039467580 7106446 false
2116 20230403000039467429 7106412 false
2117 20230403000039467299 7106388 false
2118 20230403000039467269 7106381 false
2119 20230403000039467257 7106386 false
2120 20230403000039467023 7106432 false
2121 20230403000039466983 7106291 false
2122 20230403000039466982 7106298 false
2123 20230403000039466745 7106470 false
2124 20230403000039466739 7106270 false
2125 20230403000039466614 7106260 false
2126 20230403000039466609 7106256 false
2127 20230403000039466252 7106395 false
2128 20230403000039466109 7106187 false
2129 20230403000039466063 7106184 false
2130 20230403000039465987 7106171 false
2131 20230403000039465871 7106160 false
2132 20230403000039465866 7106162 false
2133 20230403000039465828 7106121 false
2134 20230403000039465770 7106105 false
2135 20230403000039465703 7106103 false
2136 20230403000039465376 7106061 false
2137 20230403000039465020 7106451 false
2138 20230403000039464924 7106027 false
2139 20230403000039464860 7106037 false
2140 20230403000039464852 7106005 false
2141 20230403000039464841 7106004 false
2142 20230403000039464820 7105999 false
2143 20230403000039464778 7106056 false
2144 20230403000039464680 7106003 false
2145 20230403000039464669 7105977 false
2146 20230403000039464644 7105984 false
2147 20230403000039464635 7105979 false
2148 20230403000039464583 7105971 false
2149 20230403000039464582 7105969 false
2150 20230403000039464350 7105897 false
2151 20230403000039464017 7105864 false
2152 20230403000039463474 7105800 false
2153 20230403000039463454 7105794 false
2154 20230403000039463304 7105784 false
2155 20230403000039463074 7105763 false
2156 20230403000039462910 7105691 false
2157 20230403000039462800 7105683 false
2158 20230403000039462717 7105674 false
2159 20230403000039462661 7105670 false
2160 20230403000039462491 7105653 false
2161 20230403000039462399 7105641 false
2162 20230403000039461262 7105719 false
2163 20230403000039461023 7105472 false
2164 20230403000039460976 7105432 false
2165 20230403000039460951 7105451 false
2166 20230403000039460883 7105424 false
2167 20230403000039460729 7105411 false
2168 20230403000039460501 7105378 false
2169 20230403000039460367 7105362 false
2170 20230403000039460235 7105360 false
2171 20230403000039460214 7105342 false
2172 20230403000039460201 7105319 false
2173 20230403000039460013 7105265 false
2174 20230403000039459881 7105256 false
2175 20230403000039459632 7105270 false
2176 20230403000039459558 7105222 false
2177 20230403000039459089 7105198 false
2178 20230403000039458747 7105137 false
2179 20230403000039458504 7105138 false
2180 20230403000039458417 7105131 false
2181 20230403000039458266 7105068 false
2182 20230403000039458184 7105048 false
2183 20230403000039458172 7105058 false
2184 20230403000039457945 7105021 false
2185 20230403000039457699 7104994 false
2186 20230403000039457651 7104979 false
2187 20230403000039457613 7104967 false
2188 20230403000039457614 7105118 false
2189 20230403000039457536 7104966 false
2190 20230403000039457319 7104918 false
2191 20230403000039457311 7104923 false
2192 20230403000039457208 7104905 false
2193 20230403000039457161 7104903 false
2194 20230403000039457156 7104895 false
2195 20230403000039457081 7104888 false
2196 20230403000039457003 7104830 false
2197 20230403000039456967 7104826 false
2198 20230403000039456827 7104811 false
2199 20230403000039456823 7104799 false
2200 20230403000039456681 7104771 false
2201 20230403000039456607 7104757 false
2202 20230403000039456314 undefined false
2203 20230403000039456268 7105174 false
2204 20230403000039456234 7104696 false
2205 20230403000039456167 7104699 false
2206 20230403000039456136 7104681 false
2207 20230403000039456005 7104659 false
2208 20230403000039455998 7104658 false
2209 20230403000039455904 7104647 false
2210 20230403000039455818 7104577 false
2211 20230403000039455800 undefined false
2212 20230403000039455577 undefined false
2213 20230403000039455578 undefined false
2214 20230403000039455463 7104765 false
2215 20230403000039455407 7104553 false
2216 20230403000039455268 undefined false
2217 20230403000039455203 7104497 false
2218 20230403000039455160 7104469 false
2219 20230403000039454964 7104445 false
2220 20230403000039454891 7104429 false
2221 20230403000039454808 7104414 false
2222 20230403000039454760 7104411 false
2223 20230403000039454726 7104431 false
2224 20230403000039454711 7104402 false
2225 20230403000039454706 7104409 false
2226 20230403000039454665 7104391 false
2227 20230403000039454548 7104323 false
2228 20230403000039454438 7104300 false
2229 20230403000039454378 7104313 false
2230 20230403000039454352 7104291 false
2231 20230403000039454197 7104266 false
2232 20230403000039454111 7104258 false
2233 20230403000039453805 7104216 false
2234 20230403000039453753 7104211 false
2235 20230403000039453632 7104201 false
2236 20230403000039453394 7104161 false
2237 20230403000039453223 7104068 false
2238 20230403000039453106 7104059 false
2239 20230403000039452792 7104014 false
2240 20230403000039452569 7104018 false
2241 20230403000039452421 7103985 false
2242 20230403000039452187 7103984 false
2243 20230403000039451578 7103965 false
2244 20230403000039451493 7103952 false
2245 20230403000039451329 7103941 false
2246 20230403000039451068 undefined false
2247 20230403000039450982 7104013 false
2248 20230403000039450938 7103814 false
2249 20230403000039450864 7103811 false
2250 20230403000039450381 7103717 false
2251 20230403000039450237 7103790 false
2252 20230403000039450128 7103692 false
2253 20230403000039450012 7103708 false
2254 20230403000039449975 7103671 false
2255 20230403000039449600 7103664 false
2256 20230403000039449542 undefined false
2257 20230403000039449508 7103637 false
2258 20230403000039449457 7103630 false
2259 20230403000039449287 7103610 false
2260 20230403000039449215 7103615 false
2261 20230403000039449122 7103537 false
2262 20230403000039449018 7103518 false
2263 20230403000039448667 7103474 false
2264 20230403000039448642 7103476 false
2265 20230403000039448586 7103479 false
2266 20230403000039448525 7103452 false
2267 20230403000039448069 7103404 false
2268 20230403000039447520 7103365 false
2269 20230403000039447503 7103385 false
2270 20230403000039447290 7103336 false
2271 20230403000039446937 undefined false
2272 20230403000039446908 7103258 false
2273 20230403000039446733 7103243 false
2274 20230403000039442961 7103220 false
2275 20230403000039441493 7103210 false
2276 20230403000039439101 7103206 false
2277 20230403000039438462 7103179 false
2278 20230403000039437942 7103196 false
2279 20230403000039436140 7103176 false
2280 20230403000039433899 undefined false
2281 20230403000039429717 7103153 false
2282 20230403000039428028 7103152 false
2283 20230403000039425010 7103163 false
2284 20230403000039424134 undefined false
2285 20230403000039419945 7103215 false
2286 20230403000039414661 7103106 false
2287 20230403000039413066 7103087 false
2288 20230403000039412850 7103071 false
2289 20230403000039412707 7103050 false
2290 20230403000039412688 7103052 false
2291 20230403000039412569 7103024 false
2292 20230403000039412327 7102938 false
2293 20230403000039412155 7102918 false
2294 20230403000039412040 7102908 false
2295 20230403000039411989 7102895 false
2296 20230403000039411935 7102897 false
2297 20230403000039411876 7102875 false
2298 20230403000039411777 7102869 false
2299 20230403000039411474 7102826 false
2300 20230403000039411294 7102798 false
2301 20230403000039410159 7102739 false
2302 20230403000039409952 7102668 false
2303 20230403000039409934 7102669 false
2304 20230403000039409760 7102651 false
2305 20230403000039409708 7102644 false
2306 20230403000039409415 7102608 false
2307 20230403000039409414 7102613 false
2308 20230403000039409232 7102586 false
2309 20230403000039409160 7102571 false
2310 20230403000039408847 7102528 false
2311 20230403000039408802 7102540 false
2312 20230403000039408793 7102515 false
2313 20230403000039408599 7102493 false
2314 20230403000039408523 7102480 false
2315 20230403000039408168 7102470 false
2316 20230403000039403187 7102519 false
2317 20230402000039401631 undefined false
2318 20230402000039400986 undefined false
2319 20230402000039400363 undefined false
2320 20230402000039399726 undefined false
2321 20230402000039399342 undefined false
2322 20230402000039398668 undefined false
